3
0 1
0 2
1 3
9
0 0 100 100 100 75 70 68 0 1 1 1 1 1 1 1 1 
0 0 100 100 100 75 70 68 1 0 1 1 1 1 1 1 1 
1 0 100 100 100 75 70 68 1 1 0 1 1 1 1 1 1 
2 2 100 100 100 75 70 68 1 1 1 0 1 1 1 1 1 
3 2 100 100 100 75 70 68 1 1 1 1 0 1 1 1 1 
2 3 100 100 100 75 70 68 1 1 1 1 1 0 1 1 1 
3 3 100 100 100 75 70 68 1 1 1 1 1 1 0 1 1 
0 1 100 100 100 75 70 68 1 1 1 1 1 1 1 0 1 
1 1 100 100 100 75 70 68 1 1 1 1 1 1 1 1 0 
7
3 0
2 0
1 0
2 1 5
2 0
2 0
1 0
20
0 40 50 30 1
1 10 15 30 1
2 30 30 25 1
0 60 65 15 1
3 20 33 25 1
0 25 50 40 1
4 35 30 10 1
0 15 50 25 1
3 65 40 20 1
0 30 60 30 1
2 40 35 15 1
0 20 30 25 1
5 50 55 68 1
1 60 45 20 1
6 25 23 21 1
5 35 45 12 1
3 25 14 16 1
4 10 15 5 1
5 20 25 55 1
6 60 40 22 1
1
0 1 1
1
10 3 7
